Lxmean =

  -0.187345787602813


lxstd =

   0.019305112164876


Lymean =

   0.163984535948729


lystd =

   0.022160857407216


Lzmean =

  -9.615098051425775


lzstd =

   0.029447757679884


AXmean =

     4.319278171298098e-05


AXstd =

     6.773804728689631e-04


AYmean =

    -1.252050803040920e-04


AYstd =

     7.898387415810036e-04


AZmean =

    -1.000012973197373e-05


AZstd =

     8.779463425869709e-04

Magxmean =

  -0.073662849954492


Magxstd =

   0.001272583954595


Magymean =

   0.706334775975602


Magystd =

   0.003013513391937


Magzmean =

   0.109662384240673


Magzstd =

   0.003482083270897
